0.050 
0.070 
0.070 
0.080 
0.085 
0.085 
0.085 
0.080 
0.085 
0.090 
0.080 
0.080 
0.085 
0.090 
0.090 
0.090 
0.080 
0.050 
0.070 
0.070 
0.080 
0.085 
0.085 
0.085 
0.080 
0.085 
0.090 
0.080 
0.080 
0.085 
0.090 
0.090 
0.090 
0.080 
0.070 
0.080 
0.070 
0.070 
0.070 
0.080 
0.085 
0.090 
0.085 
0.070 
0.070 
0.060 
0.060 
0.080 
0.095 
0.095 
0.095 
0.095 
0.100 
0.100 
0.085 
0.085 
0.080 
0.070 
0.070 
0.060 
0.060 
0.060 
0.060 
0.070 
0.085 
0.090 
0.095 
0.095 
0.080 
0.080 
0.080 
0.080 
0.090 
0.090 
0.095 
0.095 
0.090 
0.080 
0.080 
0.070 
0.080 
0.085 
0.085 
0.090 
0.090 
0.090 
0.090 
0.090 
0.100 
0.095 
0.095 
0.100 
0.095 
0.100 
0.090 
0.085 
0.090 
0.090 
0.090 
0.090 
0.090 
0.090 
0.090 
0.095 
0.100 
0.095 
0.095 
0.095 
0.100 
0.095 
0.100 
0.095 
0.095 
0.095 
0.100 
0.100 
0.100 
0.095 
0.090 
0.085 
0.080 
0.080 
0.070 
0.070 
0.070 
0.060 
0.050 
0.030 
0.020 
0.010 
0.020 
0.030 
0.040 
0.050 
0.060 
0.060 
0.060 
0.060 
0.050 
0.060 
0.050 
0.050 
0.050 
0.030 
0.040 
0.040 
0.050 
0.050 
0.050 
0.060 
0.060 
0.050 
0.060 
0.060 
0.060 
0.060 
0.050 
0.050 
0.040 
0.040 
0.050 
0.050 
0.050 
0.060 
0.070 
0.080 
0.080 
0.085 
0.085 
0.090 
0.090 
0.090 
0.090 
0.095 
0.100 
0.110 
0.100 
0.100 
0.095 
0.095 
0.090 
0.090 
0.090 
0.090 
0.090 
0.085 
0.085 
0.080 
0.080 
0.090 
0.090 
0.095 
0.095 
0.090 
0.095 
0.095 
0.095 
0.090 
0.080 
0.060 
0.060 
0.060 
0.085 
0.090 
0.090 
0.095 
0.090 
0.090 
0.090 
0.085 
0.090 
0.085 
0.085 
0.095 
0.095 
0.095 
0.100 
0.095 
0.095 
0.095 
0.090 
0.090 
0.085 
0.085 
0.080 
0.085 
0.085 
0.085 
0.080 
0.080 
0.080 
0.080 
0.085 
0.095 
0.090 
0.090 
0.090 
0.090 
0.090 
0.085 
0.085 
0.090 
0.090 
0.090 
0.095 
0.090 
0.090 
0.090 
0.085 
0.085 
0.085 
0.090 
0.090 
0.095 
0.095 
0.090 
0.090 
0.095 
0.090 
0.100 
0.100 
0.100 
0.100 
0.095 
0.090 
0.100 
0.085 
0.085 
0.085 
0.085 
0.085 
0.090 
0.090 
0.100 
0.090 
0.090 
0.085 
0.085 
0.085 
0.090 
0.085 
0.085 
0.085 
0.085 
0.090 
0.090 
0.090 
0.090 
0.090 
0.085 
0.080 
0.080 
0.085 
0.085 
0.0797 
0.0797 
0.0797 
0.0797 
0.0797 
0.0797 
0.0797 
0.0719 
0.0641 
0.0563 
0.0641 
0.0641 
0.0641 
0.0719 
0.0719 
0.0719 
0.0797 
0.0876 
0.0876 
0.0876 
0.0876 
0.0797 
0.0719 
0.0641 
0.0641 
0.0719 
0.0719 
0.0797 
0.0797 
0.0719 
0.0719 
0.0641 
0.0641 
0.0641 
0.0641 
0.0719 
0.0797 
0.0797 
0.0797 
0.0797 
0.0797 
0.0797 
0.0797 
0.0797 
0.0797 
0.0876 
0.0876 
0.0876 
0.0876 
0.0797 
0.0876 
0.0876 
0.0719 
0.0797 
0.0797 
0.0797 
0.0797 
0.0719 
0.0719 
0.0719 
0.0719 
0.0719 
0.0719 
0.0719 
0.0797 
0.0797 
0.0797 
0.0797 
0.0797 
0.0797 
0.0797 
0.0797 
0.0719 
0.0719 
0.0719 
0.0641 
0.0641 
0.0641 
0.0563 
0.0563 
0.0485 
0.0641 
0.0641 
0.0641 
0.0641 
0.0563 
0.0563 
0.0563 
0.0563 
0.0641 
0.0641 
0.0641 
0.0641 
0.0641 
0.0719 
0.0719 
0.0719 
0.0719 
0.0719 
0.0719 
0.0797 
0.0797 
0.0797 
0.0719 
0.0563 
0.0563 
0.0485 
0.0407 
0.0328 
0.0328 
0.0407 
0.0407 
0.0407 
0.0407 
0.0328 
0.0328 
0.0328 
0.0407 
0.0328 
0.0250 
0.0172 
0.0172 
0.0250 
0.0250 
0.0250 
0.0250 
0.0250 
0.0328 
0.0328 
0.0328 
0.0328 
0.0407 
0.0407 
0.0407 
0.0407 
0.0407 
0.0407 
0.0328 
0.0328 
0.0328 
0.0328 
0.0407 
0.0407 
0.0407 
0.0407 
0.0407 
0.0407 
0.0485 
0.0485 
0.0485 
0.0485 
0.0407 
0.0407 
0.0328 
0.0328 
0.0328 
0.0250 
0.0250 
0.0172 
0.0172 
0.0172 
0.0172 
0.0250 
0.0250 
0.0250 
0.0328 
0.0328 
0.0407 
0.0407 
0.0485 
0.0407 
0.0485 
0.0407 
0.0485 
0.0485 
0.0407 
0.0328 
0.0250 
0.0250 
0.0172 
0.0250 
0.0328 
0.0328 
0.0328 
0.0328 
0.0328 
0.0328 
0.0250 
0.0250 
0.0250 
0.0250 
0.0250 
0.0250 
0.0172 
0.0172 
0.0172 
0.0172 
0.0172 
0.0172 
0.0172 
0.0094 
0.0094 
0.0016 
-0.0063 
-0.0141 
-0.0219 
-0.0375 
-0.0375 
-0.0453 
-0.0532 
-0.0610 
-0.0688 
-0.0688 
-0.0688 
-0.0766 
-0.0766 
-0.0766 
-0.0844 
-0.0844 
-0.0844 
-0.0923 
-0.0923 
-0.0923 
-0.1001 
-0.1079 
-0.1157 
-0.1235 
-0.1314 
-0.1392 
-0.1392 
-0.1470 
-0.1392 
-0.1314 
-0.1235 
-0.1157 
-0.1079 
-0.1001 
-0.0923 
-0.0844 
-0.0688 
-0.0610 
-0.0532 
-0.0532 
-0.0532 
-0.0453 
-0.0453 
-0.0375 
-0.0297 
-0.0219 
-0.0141 
-0.0063 
0.0016 
0.0094 
0.0016 
0.0094 
0.0094 
0.0094 
0.0094 
0.0016 
-0.0063 
-0.0141 
-0.0219 
-0.0297 
-0.0219 
-0.0297 
-0.0297 
-0.0141 
0.0016 
0.0172 
0.0172 
0.0250 
-0.0063 
-0.0063 
-0.0063 
-0.0063 
-0.0063 
0.0094 
0.0094 
0.0250 
0.0328 
0.0328 
0.0250 
0.0172 
0.0172 
0.0172 
0.0250 
0.0328 
0.0407 
0.0485 
0.0563 
0.0641 
0.0563 
0.0563 
0.0563 
0.0797 
0.1267 
0.1501 
0.1345 
0.1032 
0.1032 
0.1032 
0.1267 
0.1032 
0.0797 
0.0797 
0.0797 
0.0797 
0.0876 
0.0876 
0.1032 
0.0954 
0.1032 
0.1032 
0.1032 
0.0954 
0.0954 
0.1267 
0.1579 
0.1736 
0.1032 
0.1267 
0.1267 
0.1188 
0.1267 
0.1267 
0.1345 
0.1345 
0.1423 
0.1423 
0.1423 
0.1501 
0.1423 
0.1267 
0.1110 
0.0954 
0.0954 
0.0876 
0.0797 
0.0719 
0.0641 
0.0719 
0.0641 
0.0407 
0.0328 
0.0250 
0.0172 
0.0094 
0.0719 
0.0719 
0.0719 
0.0797 
0.0797 
0.0797 
0.0719 
0.0797 
0.0719 
0.0719 
0.0797 
0.0797 
0.0797 
0.0954 
0.1032 
0.1032 
0.0954 
0.0954 
0.0876 
0.0876 
0.0876 
0.0797 
0.0797 
0.0719 
0.0797 
0.0876 
0.0954 
0.0876 
0.0719 
0.0563 
0.0563 
0.0641 
0.0876 
0.1032 
0.1032 
0.1032 
0.0954 
0.0954 
0.0954 
0.0719 
0.0797 
0.0719 
0.0641 
0.0563 
0.0563 
0.0563 
0.0485 
0.0485 
0.0485 
0.0407 
0.0172 
0.0172 
0.0172 
0.0172 
0.0172 
0.0172 
0.0250 
0.0250 
0.0250 
0.0250 
0.0250 
0.0250 
0.0328 
0.0328 
0.0328 
0.0328 
0.0328 
0.0328 
0.0407 
0.0407 
0.0407 
0.0407 
0.0407 
0.0407 
0.0328 
0.0328 
0.0328 
0.0328 
0.0250 
0.0250 
0.0250 
0.0172 
0.0250 
0.0250 
0.0328 
0.0328 
0.0407 
0.0407 
0.0407 
0.0407 
0.0485 
0.0485 
0.0485 
0.0563 
0.0563 
0.0641 
0.0641 
0.0719 
0.0797 
0.0876 
0.0954 
0.1032 
0.1110 
0.1188 
0.1188 
0.1188 
0.1188 
0.1188 
0.1267 
0.1267 
0.1267 
0.1267 
0.1267 
0.1267 
0.1345 
0.1345 
0.1345 
0.1423 
0.1423 
0.1423 
0.1345 
0.1345 
0.1345 
0.1267 
0.1267 
0.1267 
0.1267 
0.1188 
0.1188 
0.1188 
0.1188 
0.1188 
0.1188 
0.1188 
0.2048 
0.2127 
0.2127 
0.2283 
0.2361 
0.2674 
0.2518 
0.2596 
0.2674 
0.2752 
0.2752 
0.2909 
0.2909 
0.3143 
0.3299 
0.3534 
0.3847 
0.4003 
0.4316 
0.4472 
0.4707 
0.5020 
0.5489 
0.5801 
0.6114 
0.6349 
0.6740 
0.7834 
1.0023 
1.4246 
1.5731 
1.5262 
1.4246 
1.3698 
1.2995 
1.2291 
1.2447 
1.2760 
1.2682 
1.3151 
1.3698 
1.4402 
1.4636 
1.4715 
1.4715 
1.5262 
1.6591 
1.6982 
1.7451 
1.6982 
1.6669 
1.6122 
1.5653 
1.5496 
1.5262 
1.5027 
1.5106 
1.5418 
1.5809 
1.6435 
1.6669 
1.6747 
1.6747 
1.6904 
1.6904 
1.6826 
1.6357 
1.5575 
1.4949 
1.4011 
1.3542 
1.3542 
1.4011 
1.4636 
1.4871 
1.5262 
1.5887 
1.6044 
1.6357 
1.6435 
1.6513 
1.6513 
1.6513 
1.6357 
1.6357 
1.6357 
1.6435 
1.6591 
1.6669 
1.6747 
1.6747 
1.6747 
1.6513 
1.6357 
1.6357 
1.6357 
1.6435 
1.6435 
1.6435 
1.6513 
1.6591 
1.6747 
1.6747 
1.6826 
1.6826 
1.6826 
1.6747 
1.6826 
1.6826 
1.6826 
1.6904 
1.6904 
1.6982 
1.7060 
1.7138 
1.7373 
1.7529 
1.7686 
1.7686 
1.7686 
1.7608 
1.7529 
1.7529 
1.7451 
1.7529 
1.7686 
1.7686 
1.7842 
1.7842 
1.7842 
1.7842 
1.7842 
1.7842 
1.7920 
1.7920 
1.8077 
1.8233 
1.8389 
1.8389 
1.8233 
1.8077 
1.7998 
1.7920 
1.7842 
1.7529 
1.7138 
1.5418 
1.4871 
1.4871 
1.4793 
1.5809 
1.6122 
1.6357 
1.6826 
1.6669 
1.7451 
1.7764 
1.7686 
1.7764 
1.7920 
1.8311 
1.8389 
1.8233 
1.8077 
1.7998 
1.7920 
1.7842 
1.7529 
1.7138 
1.5418 
1.4871 
1.4871 
1.4793 
1.5809 
1.6122 
1.6357 
1.6826 
1.6669 
1.7451 
1.7764 
1.7686 
1.7764 
1.7920 
1.8311 
1.7686 
1.7764 
1.7920 
1.8311 
0.1579 
0.1658 
0.1579 
0.1423 
0.1267 
0.1267 
0.1501 
0.1501 
0.1579 
0.1501 
0.1423 
0.1345 
0.1188 
0.0954 
0.0876 
0.0954 
0.1110 
0.1188 
0.1267 
0.1423 
0.1579 
0.1501 
0.1501 
0.1423 
0.1579 
0.1658 
0.1736 
0.1814 
0.1736 
0.1579 
0.1267 
0.1267 
0.1188 
0.1267 
0.1267 
0.1345 
0.1345 
0.1267 
0.1345 
0.1110 
0.1110 
0.1110 
0.1032 
0.1188 
0.1345 
0.1423 
0.1501 
0.1423 
0.1110 
0.1032 
0.0954 
0.0876 
0.0954 
0.0876 
0.0876 
0.0954 
0.1032 
0.1110 
0.1110 
0.1188 
0.1110 
0.1110 
0.1032 
0.0954 
0.0954 
0.1032 
0.1110 
0.1110 
0.1110 
0.1267 
0.1423 
0.1579 
0.1501 
0.1267 
0.1188 
0.1032 
0.1032 
0.1032 
0.1110 
0.1110 
0.1032 
0.0876 
0.0954 
0.1032 
0.1032 
0.1032 
0.0954 
0.0797 
0.0719 
0.0641 
0.0876 
0.1032 
0.0876 
0.0954 
0.0876 
0.0719 
0.0641 
0.0563 
0.0485 
0.0563 
0.0485 
0.0485 
0.0328 
0.0407 
0.0328 
0.0328 
0.0407 
0.0328 
0.0328 
0.0328 
0.0563 
0.0485 
0.0641 
0.0797 
0.0797 
0.0876 
0.0954 
0.0954 
0.0954 
0.0954 
0.0876 
0.0641 
0.0641 
0.0563 
0.0641 
0.0641 
0.0485 
0.0485 
0.0407 
0.0485 
0.0407 
0.0328 
0.0172 
0.0250 
0.0407 
0.0407 
0.0563 
0.0563 
0.0016 
0.0328 
0.0328 
0.0563 
0.0719 
0.0797 
0.0797 
0.0719 
0.0641 
0.0563 
0.0719 
0.0641 
0.0485 
0.0485 
0.0407 
0.0641 
0.0719 
0.0719 
0.0563 
0.0485 
0.0407 
0.0407 
0.0485 
0.0485 
0.0563 
0.0563 
0.0641 
0.0719 
0.0641 
0.0797 
0.0797 
0.0797 
0.0876 
0.0719 
0.0876 
0.0954 
0.0876 
0.0719 
0.0719 
0.0641 
0.0797 
0.0954 
0.1110 
0.1110 
0.1188 
0.1110 
0.1110 
0.1110 
0.1032 
0.0954 
0.0954 
0.0797 
0.0641 
0.0719 
0.0719 
0.0797 
0.0876 
0.0876 
0.0954 
0.1110 
0.1188 
0.1345 
0.1188 
0.1032 
0.1267 
0.1267 
0.1267 
0.1345 
0.1345 
0.1267 
0.1501 
0.1579 
0.1658 
0.1501 
0.1579 
0.1501 
0.1579 
0.1658 
0.1736 
0.1736 
0.1658 
0.1579 
0.1423 
0.1423 
0.1423 
0.1423 
0.1345 
0.1188 
0.1188 
0.1110 
0.1110 
0.1110 
0.1188 
0.1345 
0.1423 
0.1423 
0.1345 
0.1267 
0.1267 
0.1345 
0.1267 
0.1345 
0.1267 
0.1345 
0.1423 
0.1579 
0.1579 
0.1579 
0.1345 
0.1267 
0.1188 
0.1188 
0.1267 
0.1345 
0.1267 
0.1267 
0.1188 
0.1110 
0.1188 
0.1110 
0.1110 
0.1110 
0.0954 
0.0954 
0.0954 
0.0954 
0.1032 
0.1110 
0.1032 
0.0954 
0.0797 
0.0797 
0.0719 
0.0641 
0.0719 
0.0876 
0.1188 
0.1188 
0.1110 
0.1032 
0.0876 
0.0719 
0.0563 
0.0485 
0.0641 
0.0563 
0.0719 
0.0485 
0.0407 
0.0328 
0.0328 
0.0328 
0.0407 
0.0563 
0.0563 
0.0876 
0.0954 
0.0797 
0.0719 
0.0485 
0.0407 
0.0641 
0.0563 
0.0719 
0.0719 
0.0641 
0.0719 
0.0797 
0.0719 
0.0485 
0.0407 
0.0407 
0.0485 
0.0485 
0.0485 
0.0250 
0.0328 
0.0250 
0.0328 
0.0328 
0.0407 
0.0485 
0.0485 
0.0485 
0.0407 
0.0250 
0.0250 
0.0407 
0.0328 
0.0328 
0.0172 
0.0250 
0.0172 
0.0407 
0.0563 
0.0563 
0.0641 
0.0797 
0.0563 
0.0563 
0.0485 
0.0407 
0.0563 
0.0485 
0.0328 
0.0328 
0.0250 
0.0328 
0.0407 
0.0328 
0.0172 
0.0094 
0.0016 
0.0094 
0.0172 
0.0250 
0.0172 
0.0172 
0.0094 
0.0016 
0.0172 
0.0094 
0.0094 
0.0094 
0.0016 
0.0016 
0.0094 
0.0016 
0.0094 
0.0172 
0.0250 
0.0250 
0.0016 
0.0016 
-0.0063 
-0.0063 
0.0016 
0.0016 
-0.0141 
-0.0141 
-0.0297 
-0.0375 
-0.0219 
-0.0375 
-0.0141 
-0.0141 
-0.0063 
-0.0063 
-0.0219 
-0.0141 
-0.0141 
-0.0297 
-0.0297 
-0.0219 
0.0876 
0.0876 
0.0719 
0.0719 
0.0719 
0.0563 
0.0719 
0.0719 
0.0797 
0.0719 
0.0797 
0.0797 
0.0797 
0.0797 
0.0563 
0.0328 
0.0250 
0.0094 
0.0094 
0.0172 
0.0407 
0.0407 
0.0719 
0.0641 
0.0485 
0.0407 
0.0094 
0.0250 
0.0250 
0.0328 
0.0407 
0.0328 
0.0172 
0.0172 
0.0250 
0.0328 
0.0328 
0.0563 
0.0485 
0.0563 
0.0797 
0.0719 
0.0876 
0.0797 
0.0797 
0.0641 
0.0563 
0.0563 
0.0797 
0.0641 
0.0641 
0.0407 
0.0407 
0.0563 
0.0641 
0.0641 
0.0485 
0.0485 
0.0485 
0.0563 
0.0250 
0.0172 
0.0250 
0.0250 
0.0250 
0.0328 
0.0250 
0.0250 
0.0641 
0.0797 
0.0954 
0.0719 
0.0797 
0.0641 
0.0485 
0.0485 
0.0485 
0.0485 
0.0719 
0.0797 
0.0797 
0.0797 
0.0797 
0.0797 
0.0876 
0.0876 
0.0563 
0.0485 
0.0407 
0.0328 
0.0485 
0.0407 
0.0328 
0.0954 
0.1032 
0.1032 
0.0954 
0.1032 
0.0954 
0.0641 
0.0641 
0.0641 
0.0719 
0.0563 
0.0407 
0.0328 
0.0328 
0.0485 
0.0719 
0.0876 
0.1032 
0.1032 
0.1032 
0.0876 
0.0876 
0.0954 
0.1032 
0.0797 
0.0719 
0.0797 
0.0719 
0.0563 
0.0563 
0.0797 
0.0876 
0.0797 
0.0719 
0.0719 
0.0719 
0.0641 
0.0485 
0.0407 
0.0407 
0.0563 
0.0485 
0.0563 
0.0485 
0.0328 
0.0407 
0.0407 
0.0407 
0.0328 
0.0407 
0.0328 
0.0250 
0.0485 
0.0407 
0.0407 
0.0407 
0.0485 
0.0563 
0.0407 
0.0407 
0.0250 
0.0172 
0.0328 
0.0328 
0.0485 
0.0485 
0.0407 
0.0407 
0.0328 
0.0328 
0.0485 
0.0641 
0.0797 
0.0719 
0.0641 
0.0407 
0.0250 
0.0407 
0.0797 
0.0797 
0.0954 
0.0876 
0.0719 
0.0876 
0.0954 
0.0797 
0.0876 
0.0954 
0.0954 
0.1110 
0.0954 
0.0641 
0.0485 
0.0485 
0.0563 
0.0641 
0.0641 
0.0797 
0.0954 
0.1032 
0.1032 
0.0954 
0.0876 
0.0954 
0.0954 
0.0797 
0.0485 
0.0172 
0.0094 
0.0407 
0.0407 
0.0797 
0.0954 
0.0876 
0.0641 
0.0719 
0.0641 
0.0641 
0.0719 
0.0797 
0.0876 
0.0876 
0.0876 
0.0876 
0.0954 
0.1032 
0.0876 
0.0797 
0.0641 
0.0719 
0.0719 
0.0876 
0.0876 
0.0876 
0.1032 
0.1032 
0.1110 
0.1110 
0.1032 
0.1110 
0.0876 
0.0876 
0.0954 
0.0876 
0.0954 
0.0719 
0.0719 
0.0719 
0.0719 
0.0719 
0.0641 
0.0719 
0.0641 
0.0876 
0.0954 
0.0954 
0.1032 
0.1032 
0.0876 
0.0954
0.0876 
0.0954
0.1032 
0.0954 
0.0954 
0.1188 
0.1345 
0.1267 
0.1110 
0.0876 
0.0797 
0.0954 
0.1032 
0.1188 
0.1188 
0.1423 
0.1579 
0.1579 
0.1501 
0.1345 
0.1345 
0.1423 
0.1501 
0.1501 
0.1658 
0.1579 
0.1579 
0.1579 
0.1345 
0.1345 
0.1267 
0.1110 
0.1188 
0.1110 
0.1110 
0.1110 
0.1188 
0.1423 
0.1501 
0.1579 
0.1579 
0.1345 
0.1345 
0.1345 
0.1423 
0.1423 
0.1579 
0.1736 
0.1736 
0.1736 
0.1736 
0.1658 
0.1658 
0.1658 
0.1658 
0.1501 
0.1501 
0.1658 
0.1658 
0.1736 
0.1658 
0.1579 
0.1501 
0.1736 
0.1814 
0.1892 
0.1892 
0.1892 
0.1814 
0.1814 
0.1658 
0.1501 
0.1423 
0.1658 
0.1658 
0.1658 
0.1736 
0.1658 
0.1658 
0.1579 
0.1658 
0.1658 
0.1579 
0.1579 
0.1736 
0.1736 
0.1658 
0.1658 
0.1579 
0.1579 
0.1658 
0.1814 
0.1892 
0.1892 
0.1892 
0.1892 
0.2048 
0.2127 
0.2048 
0.1814 
0.1736 
0.1736 
0.1736 
0.1814 
0.2048 
0.2048 
0.2048 
0.1892 
0.1814 
0.1736 
0.1658 
0.1658 
0.1579 
0.1579 
0.1579 
0.1658 
0.1892 
0.2048 
0.2127 
0.2048 
0.2127 
0.2127 
0.2127 
0.2127 
0.2048 
0.2205 
0.2205 
0.2283 
0.2205 
0.2127 
0.2205 
0.2205 
0.2205 
0.2205 
0.2205 
0.2361 
0.2439 
0.2361 
0.2361 
0.2283 
0.2361 
0.2439 
0.2439 
0.2439 
0.2361 
0.2361 
0.2439 
0.2518 
0.2674 
0.2674 
0.2674 
0.2596 
0.2596 
0.2596 
0.2518 
0.2596 
0.2518 
0.2596 
0.2674 
0.2674 
0.2674 
0.2674 
0.2674 
0.2752 
0.2752 
0.2752 
0.2752 
0.2752 
0.2752 
0.2674 
0.2674 
0.2596 
0.2674 
0.2596 
0.2596 
0.2596 
0.2596 
0.2596 
0.2439 
0.2439 
0.2439 
0.2518 
0.2518 
0.2518 
0.2439 
0.2439 
0.2596 
0.2518 
0.2439 
0.2439 
0.2283 
0.2361 
0.2439 
0.2439 
0.2518 
0.2518 
0.2518 
0.2596 
0.2596 
0.2518 
0.2439 
0.2439 
0.2439 
0.2439 
0.2518 
0.2596 
0.2596 
0.2596 
0.2596 
0.2674 
0.2596 
0.2596 
0.2674 
0.2752 
0.2752 
0.2830 
0.2830 
0.2752 
0.2752 
0.2674 
0.2596 
0.2674 
0.2674 
0.2674 
0.2674 
0.2596 
0.2439 
0.2439 
0.2518 
0.2596 
0.2596 
0.2596 
0.2596 
0.2674 
0.2596 
0.2596 
0.2596 
0.2518 
0.2596 
0.2518 
0.2518 
0.2439 
0.2361 
0.2439 
0.2518 
0.2596 
0.2596 
0.2518 
0.2596 
0.2596 
0.2361 
0.2439 
0.2518 
0.2518 
0.2518 
0.2518 
0.2518 
0.2439 
0.2439 
0.2361 
0.2361 
0.2361 
0.2361 
0.2361 
0.2205 
0.2048 
0.2048 
0.2127 
0.2205 
0.2048 
0.2127 
0.2205 
0.1970 
0.2048 
0.1970 
0.2048 
0.1814 
0.1658 
0.1658 
0.1736 
0.1892 
0.1970 
0.1970 
0.1892 
0.1892 
0.1814 
0.1814 
0.1892 
0.1970 
0.1970 
0.1970 
