0.0797 
0.0797 
0.0797 
0.0797 
0.0797 
0.0797 
0.0797 
0.0719 
0.0641 
0.0563 
0.0641 
0.0641 
0.0641 
0.0719 
0.0719 
0.0719 
0.0797 
0.0876 
0.0876 
0.0876 
0.0876 
0.0797 
0.0719 
0.0641 
0.0641 
0.0719 
0.0719 
0.0797 
0.0797 
0.0719 
0.0719 
0.0641 
0.0641 
0.0641 
0.0641 
0.0719 
0.0797 
0.0797 
0.0797 
0.0797 
0.0797 
0.0797 
0.0797 
0.0797 
0.0797 
0.0876 
0.0876 
0.0876 
0.0876 
0.0797 
0.0876 
0.0876 
0.0719 
0.0797 
0.0797 
0.0797 
0.0797 
0.0719 
0.0719 
0.0719 
0.0719 
0.0719 
0.0719 
0.0719 
0.0797 
0.0797 
0.0797 
0.0797 
0.0797 
0.0797 
0.0797 
0.0797 
0.0719 
0.0719 
0.0719 
0.0641 
0.0641 
0.0641 
0.0563 
0.0563 
0.0485 
0.0641 
0.0641 
0.0641 
0.0641 
0.0563 
0.0563 
0.0563 
0.0563 
0.0641 
0.0641 
0.0641 
0.0641 
0.0641 
0.0719 
0.0719 
0.0719 
0.0719 
0.0719 
0.0719 
0.0797 
0.0797 
0.0797 
0.0719 
0.0563 
0.0563 
0.0485 
0.0407 
0.0328 
0.0328 
0.0407 
0.0407 
0.0407 
0.0407 
0.0328 
0.0328 
0.0328 
0.0407 
0.0328 
0.0250 
0.0172 
0.0172 
0.0250 
0.0250 
0.0250 
0.0250 
0.0250 
0.0328 
0.0328 
0.0328 
0.0328 
0.0407 
0.0407 
0.0407 
0.0407 
0.0407 
0.0407 
0.0328 
0.0328 
0.0328 
0.0328 
0.0407 
0.0407 
0.0407 
0.0407 
0.0407 
0.0407 
0.0485 
0.0485 
0.0485 
0.0485 
0.0407 
0.0407 
0.0328 
0.0328 
0.0328 
0.0250 
0.0250 
0.0172 
0.0172 
0.0172 
0.0172 
0.0250 
0.0250 
0.0250 
0.0328 
0.0328 
0.0407 
0.0407 
0.0485 
0.0407 
0.0485 
0.0407 
0.0485 
0.0485 
0.0407 
0.0328 
0.0250 
0.0250 
0.0172 
0.0250 
0.0328 
0.0328 
0.0328 
0.0328 
0.0328 
0.0328 
0.0250 
0.0250 
0.0250 
0.0250 
0.0250 
0.0250 
0.0172 
0.0172 
0.0172 
0.0172 
0.0172 
0.0172 
0.0172 
0.0094 
0.0094 
0.0016 
-0.0063 
-0.0141 
-0.0219 
-0.0375 
-0.0375 
-0.0453 
-0.0532 
-0.0610 
-0.0688 
-0.0688 
-0.0688 
-0.0766 
-0.0766 
-0.0766 
-0.0844 
-0.0844 
-0.0844 
-0.0923 
-0.0923 
-0.0923 
-0.1001 
-0.1079 
-0.1157 
-0.1235 
-0.1314 
-0.1392 
-0.1392 
-0.1470 
-0.1392 
-0.1314 
-0.1235 
-0.1157 
-0.1079 
-0.1001 
-0.0923 
-0.0844 
-0.0688 
-0.0610 
-0.0532 
-0.0532 
-0.0532 
-0.0453 
-0.0453 
-0.0375 
-0.0297 
-0.0219 
-0.0141 
-0.0063 
0.0016 
0.0094 
0.0016 
0.0094 
0.0094 
0.0094 
0.0094 
0.0016 
-0.0063 
-0.0141 
-0.0219 
-0.0297 
-0.0219 
-0.0297 
-0.0297 
-0.0141 
0.0016 
0.0172 
0.0172 
0.0250 
-0.0063 
-0.0063 
-0.0063 
-0.0063 
-0.0063 
0.0094 
0.0094 
0.0250 
0.0328 
0.0328 
0.0250 
0.0172 
0.0172 
0.0172 
0.0250 
0.0328 
0.0407 
0.0485 
0.0563 
0.0641 
0.0563 
0.0563 
0.0563 
0.0797 
0.1267 
0.1501 
0.1345 
0.1032 
0.1032 
0.1032 
0.1267 
0.1032 
0.0797 
0.0797 
0.0797 
0.0797 
0.0876 
0.0876 
0.1032 
0.0954 
0.1032 
0.1032 
0.1032 
0.0954 
0.0954 
0.1267 
0.1579 
0.1736 
0.1032 
0.1267 
0.1267 
0.1188 
0.1267 
0.1267 
0.1345 
0.1345 
0.1423 
0.1423 
0.1423 
0.1501 
0.1423 
0.1267 
0.1110 
0.0954 
0.0954 
0.0876 
0.0797 
0.0719 
0.0641 
0.0719 
0.0641 
0.0407 
0.0328 
0.0250 
0.0172 
0.0094 
0.0719 
0.0719 
0.0719 
0.0797 
0.0797 
0.0797 
0.0719 
0.0797 
0.0719 
0.0719 
0.0797 
0.0797 
0.0797 
0.0954 
0.1032 
0.1032 
0.0954 
0.0954 
0.0876 
0.0876 
0.0876 
0.0797 
0.0797 
0.0719 
0.0797 
0.0876 
0.0954 
0.0876 
0.0719 
0.0563 
0.0563 
0.0641 
0.0876 
0.1032 
0.1032 
0.1032 
0.0954 
0.0954 
0.0954 
0.0719 
0.0797 
0.0719 
0.0641 
0.0563 
0.0563 
0.0563 
0.0485 
0.0485 
0.0485 
0.0407 
0.0172 
0.0172 
0.0172 
0.0172 
0.0172 
0.0172 
0.0250 
0.0250 
0.0250 
0.0250 
0.0250 
0.0250 
0.0328 
0.0328 
0.0328 
0.0328 
0.0328 
0.0328 
0.0407 
0.0407 
0.0407 
0.0407 
0.0407 
0.0407 
0.0328 
0.0328 
0.0328 
0.0328 
0.0250 
0.0250 
0.0250 
0.0172 
0.0250 
0.0250 
0.0328 
0.0328 
0.0407 
0.0407 
0.0407 
0.0407 
0.0485 
0.0485 
0.0485 
0.0563 
0.0563 
0.0641 
0.0641 
0.0719 
0.0797 
0.0876 
0.0954 
0.1032 
0.1110 
0.1188 
0.1188 
0.1188 
0.1188 
0.1188 
0.1267 
0.1267 
0.1267 
0.1267 
0.1267 
0.1267 
0.1345 
0.1345 
0.1345 
0.1423 
0.1423 
0.1423 
0.1345 
0.1345 
0.1345 
0.1267 
0.1267 
0.1267 
0.1267 
0.1188 
0.1188 
0.1188 
0.1188 
0.1188 
0.1188 
0.1188 
